0.000000000000000000e+00
3.515625000000000087e-03
7.031250000000000173e-03
1.054687500000000069e-02
1.406250000000000035e-02
1.757812500000000000e-02
2.109375000000000139e-02
2.460937499999999931e-02
2.812500000000000069e-02
3.164062499999999861e-02
3.515625000000000000e-02
3.867187500000000139e-02
4.218750000000000278e-02
4.570312500000000416e-02
4.921874999999999861e-02
5.273437500000000000e-02
5.625000000000000139e-02
5.976562500000000278e-02
6.328124999999999722e-02
6.679687500000000555e-02
7.031250000000000000e-02
7.382812500000000833e-02
7.734375000000000278e-02
8.085937499999999722e-02
8.437500000000000555e-02
8.789062500000000000e-02
9.140625000000000833e-02
9.492187500000000278e-02
9.843749999999999722e-02
1.019531250000000056e-01
1.054687500000000000e-01
1.089843750000000083e-01
1.125000000000000028e-01
1.160156249999999972e-01
1.195312500000000056e-01
1.230468750000000000e-01
1.265624999999999944e-01
1.300781250000000167e-01
1.335937500000000111e-01
1.371093750000000056e-01
1.406250000000000000e-01
1.441406249999999944e-01
1.476562500000000167e-01
1.511718750000000111e-01
1.546875000000000056e-01
1.582031250000000000e-01
1.617187499999999944e-01
1.652343750000000167e-01
1.687500000000000111e-01
1.722656250000000056e-01
1.757812500000000000e-01
1.792968749999999944e-01
1.828125000000000167e-01
1.863281250000000111e-01
1.898437500000000056e-01
1.933593750000000000e-01
1.968749999999999944e-01
2.003906250000000167e-01
2.039062500000000111e-01
2.074218750000000056e-01
2.109375000000000000e-01
2.144531249999999944e-01
2.179687500000000167e-01
2.214843750000000111e-01
2.250000000000000056e-01
2.285156250000000000e-01
2.320312499999999944e-01
2.355468750000000167e-01
2.390625000000000111e-01
2.425781250000000056e-01
2.460937500000000000e-01
2.496093749999999944e-01
2.531249999999999889e-01
2.566406250000000111e-01
2.601562500000000333e-01
2.636718750000000000e-01
2.671875000000000222e-01
2.707031249999999889e-01
2.742187500000000111e-01
2.777343750000000333e-01
2.812500000000000000e-01
2.847656250000000222e-01
2.882812499999999889e-01
2.917968750000000111e-01
2.953125000000000333e-01
2.988281250000000000e-01
3.023437500000000222e-01
3.058593749999999889e-01
3.093750000000000111e-01
3.128906250000000333e-01
3.164062500000000000e-01
3.199218750000000222e-01
3.234374999999999889e-01
3.269531250000000111e-01
3.304687500000000333e-01
3.339843750000000000e-01
3.375000000000000222e-01
3.410156249999999889e-01
3.445312500000000111e-01
3.480468750000000333e-01
3.515625000000000000e-01
3.550781250000000222e-01
3.585937499999999889e-01
3.621093750000000111e-01
3.656250000000000333e-01
3.691406250000000000e-01
3.726562500000000222e-01
3.761718749999999889e-01
3.796875000000000111e-01
3.832031250000000333e-01
3.867187500000000000e-01
3.902343750000000222e-01
3.937499999999999889e-01
3.972656250000000111e-01
4.007812500000000333e-01
4.042968750000000000e-01
4.078125000000000222e-01
4.113281249999999889e-01
4.148437500000000111e-01
4.183593750000000333e-01
4.218750000000000000e-01
4.253906250000000222e-01
4.289062499999999889e-01
4.324218750000000111e-01
4.359375000000000333e-01
4.394531250000000000e-01
4.429687500000000222e-01
4.464843749999999889e-01
4.500000000000000111e-01
4.535156250000000333e-01
4.570312500000000000e-01
4.605468750000000222e-01
4.640624999999999889e-01
4.675781250000000111e-01
4.710937500000000333e-01
4.746093750000000000e-01
4.781250000000000222e-01
4.816406249999999889e-01
4.851562500000000111e-01
4.886718750000000333e-01
4.921875000000000000e-01
4.957031250000000222e-01
4.992187499999999889e-01
5.027343750000000666e-01
5.062499999999999778e-01
5.097656250000000000e-01
5.132812500000000222e-01
5.167968750000000444e-01
5.203125000000000666e-01
5.238281249999999778e-01
5.273437500000000000e-01
5.308593750000000222e-01
5.343750000000000444e-01
5.378906250000000666e-01
5.414062499999999778e-01
5.449218750000000000e-01
5.484375000000000222e-01
5.519531250000000444e-01
5.554687500000000666e-01
5.589843749999999778e-01
5.625000000000000000e-01
5.660156250000000222e-01
5.695312500000000444e-01
5.730468750000000666e-01
5.765624999999999778e-01
5.800781250000000000e-01
5.835937500000000222e-01
5.871093750000000444e-01
5.906250000000000666e-01
5.941406249999999778e-01
5.976562500000000000e-01
6.011718750000000222e-01
6.046875000000000444e-01
6.082031250000000666e-01
6.117187499999999778e-01
6.152343750000000000e-01
6.187500000000000222e-01
6.222656250000000444e-01
6.257812500000000666e-01
6.292968749999999778e-01
6.328125000000000000e-01
6.363281250000000222e-01
6.398437500000000444e-01
6.433593750000000666e-01
6.468749999999999778e-01
6.503906250000000000e-01
6.539062500000000222e-01
6.574218750000000444e-01
6.609375000000000666e-01
6.644531249999999778e-01
6.679687500000000000e-01
6.714843750000000222e-01
6.750000000000000444e-01
6.785156250000000666e-01
6.820312499999999778e-01
6.855468750000000000e-01
6.890625000000000222e-01
6.925781250000000444e-01
6.960937500000000666e-01
6.996093749999999778e-01
7.031250000000000000e-01
7.066406250000000222e-01
7.101562500000000444e-01
7.136718750000000666e-01
7.171874999999999778e-01
7.207031250000000000e-01
7.242187500000000222e-01
7.277343750000000444e-01
7.312500000000000666e-01
7.347656249999999778e-01
7.382812500000000000e-01
7.417968750000000222e-01
7.453125000000000444e-01
7.488281250000000666e-01
7.523437499999999778e-01
7.558593750000000000e-01
7.593750000000000222e-01
7.628906250000000444e-01
7.664062500000000666e-01
7.699218749999999778e-01
7.734375000000000000e-01
7.769531250000000222e-01
7.804687500000000444e-01
7.839843750000000666e-01
7.874999999999999778e-01
7.910156250000000000e-01
7.945312500000000222e-01
7.980468750000000444e-01
8.015625000000000666e-01
8.050781249999999778e-01
8.085937500000000000e-01
8.121093750000000222e-01
8.156250000000000444e-01
8.191406250000000666e-01
8.226562499999999778e-01
8.261718750000000000e-01
8.296875000000000222e-01
8.332031250000000444e-01
8.367187500000000666e-01
8.402343749999999778e-01
8.437500000000000000e-01
8.472656250000000222e-01
8.507812500000000444e-01
8.542968750000000666e-01
8.578124999999999778e-01
8.613281250000000000e-01
8.648437500000000222e-01
8.683593750000000444e-01
8.718750000000000666e-01
8.753906249999999778e-01
8.789062500000000000e-01
8.824218750000000222e-01
8.859375000000000444e-01
8.894531250000000666e-01
8.929687499999999778e-01
8.964843750000000000e-01
9.000000000000000222e-01
