8.000000000000000000e+01
8.009999999999999432e+01
8.019999999999998863e+01
8.029999999999998295e+01
8.039999999999997726e+01
8.049999999999997158e+01
8.059999999999996589e+01
8.069999999999996021e+01
8.079999999999995453e+01
8.089999999999994884e+01
8.099999999999994316e+01
8.109999999999993747e+01
8.119999999999993179e+01
8.129999999999992610e+01
8.139999999999992042e+01
8.149999999999991473e+01
8.159999999999990905e+01
8.169999999999990337e+01
8.179999999999989768e+01
8.189999999999989200e+01
8.199999999999988631e+01
8.209999999999988063e+01
8.219999999999987494e+01
8.229999999999986926e+01
8.239999999999986358e+01
8.249999999999985789e+01
8.259999999999985221e+01
8.269999999999984652e+01
8.279999999999984084e+01
8.289999999999983515e+01
8.299999999999982947e+01
8.309999999999982379e+01
8.319999999999981810e+01
8.329999999999981242e+01
8.339999999999980673e+01
8.349999999999980105e+01
8.359999999999979536e+01
8.369999999999978968e+01
8.379999999999978400e+01
8.389999999999977831e+01
8.399999999999977263e+01
8.409999999999976694e+01
8.419999999999976126e+01
8.429999999999975557e+01
8.439999999999974989e+01
8.449999999999974420e+01
8.459999999999973852e+01
8.469999999999973284e+01
8.479999999999972715e+01
8.489999999999972147e+01
8.499999999999971578e+01
8.509999999999971010e+01
8.519999999999970441e+01
8.529999999999969873e+01
8.539999999999969305e+01
8.549999999999968736e+01
8.559999999999968168e+01
8.569999999999967599e+01
8.579999999999967031e+01
8.589999999999966462e+01
8.599999999999965894e+01
8.609999999999965326e+01
8.619999999999964757e+01
8.629999999999964189e+01
8.639999999999963620e+01
8.649999999999963052e+01
8.659999999999962483e+01
8.669999999999961915e+01
8.679999999999961346e+01
8.689999999999960778e+01
8.699999999999960210e+01
8.709999999999959641e+01
8.719999999999959073e+01
8.729999999999958504e+01
8.739999999999957936e+01
8.749999999999957367e+01
8.759999999999956799e+01
8.769999999999956231e+01
8.779999999999955662e+01
8.789999999999955094e+01
8.799999999999954525e+01
8.809999999999953957e+01
8.819999999999953388e+01
8.829999999999952820e+01
8.839999999999952252e+01
8.849999999999951683e+01
8.859999999999951115e+01
8.869999999999950546e+01
8.879999999999949978e+01
8.889999999999949409e+01
8.899999999999948841e+01
8.909999999999948272e+01
8.919999999999947704e+01
8.929999999999947136e+01
8.939999999999946567e+01
8.949999999999945999e+01
8.959999999999945430e+01
8.969999999999944862e+01
8.979999999999944293e+01
8.989999999999943725e+01
8.999999999999943157e+01
9.009999999999942588e+01
9.019999999999942020e+01
9.029999999999941451e+01
9.039999999999940883e+01
9.049999999999940314e+01
9.059999999999939746e+01
9.069999999999939178e+01
9.079999999999938609e+01
9.089999999999938041e+01
9.099999999999937472e+01
9.109999999999936904e+01
9.119999999999936335e+01
9.129999999999935767e+01
9.139999999999935199e+01
9.149999999999934630e+01
9.159999999999934062e+01
9.169999999999933493e+01
9.179999999999932925e+01
9.189999999999932356e+01
9.199999999999931788e+01
9.209999999999931219e+01
9.219999999999930651e+01
9.229999999999930083e+01
9.239999999999929514e+01
9.249999999999928946e+01
9.259999999999928377e+01
9.269999999999927809e+01
9.279999999999927240e+01
9.289999999999926672e+01
9.299999999999926104e+01
9.309999999999925535e+01
9.319999999999924967e+01
9.329999999999924398e+01
9.339999999999923830e+01
9.349999999999923261e+01
9.359999999999922693e+01
9.369999999999922125e+01
9.379999999999921556e+01
9.389999999999920988e+01
9.399999999999920419e+01
9.409999999999919851e+01
9.419999999999919282e+01
9.429999999999918714e+01
9.439999999999918145e+01
9.449999999999917577e+01
9.459999999999917009e+01
9.469999999999916440e+01
9.479999999999915872e+01
9.489999999999915303e+01
9.499999999999914735e+01
9.509999999999914166e+01
9.519999999999913598e+01
9.529999999999913030e+01
9.539999999999912461e+01
9.549999999999911893e+01
9.559999999999911324e+01
9.569999999999910756e+01
9.579999999999910187e+01
9.589999999999909619e+01
9.599999999999909051e+01
9.609999999999908482e+01
9.619999999999907914e+01
9.629999999999907345e+01
9.639999999999906777e+01
9.649999999999906208e+01
9.659999999999905640e+01
9.669999999999905071e+01
9.679999999999904503e+01
9.689999999999903935e+01
9.699999999999903366e+01
9.709999999999902798e+01
9.719999999999902229e+01
9.729999999999901661e+01
9.739999999999901092e+01
9.749999999999900524e+01
9.759999999999899956e+01
9.769999999999899387e+01
9.779999999999898819e+01
9.789999999999898250e+01
9.799999999999897682e+01
9.809999999999897113e+01
9.819999999999896545e+01
9.829999999999895977e+01
9.839999999999895408e+01
9.849999999999894840e+01
9.859999999999894271e+01
9.869999999999893703e+01
9.879999999999893134e+01
9.889999999999892566e+01
9.899999999999891998e+01
9.909999999999891429e+01
9.919999999999890861e+01
9.929999999999890292e+01
9.939999999999889724e+01
9.949999999999889155e+01
9.959999999999888587e+01
9.969999999999888018e+01
9.979999999999887450e+01
9.989999999999886882e+01
9.999999999999886313e+01
1.000999999999988574e+02
1.001999999999988518e+02
1.002999999999988461e+02
1.003999999999988404e+02
1.004999999999988347e+02
1.005999999999988290e+02
1.006999999999988233e+02
1.007999999999988177e+02
1.008999999999988120e+02
1.009999999999988063e+02
1.010999999999988006e+02
1.011999999999987949e+02
1.012999999999987892e+02
1.013999999999987836e+02
1.014999999999987779e+02
1.015999999999987722e+02
1.016999999999987665e+02
1.017999999999987608e+02
1.018999999999987551e+02
1.019999999999987494e+02
1.020999999999987438e+02
1.021999999999987381e+02
1.022999999999987324e+02
1.023999999999987267e+02
1.024999999999987210e+02
1.025999999999987153e+02
1.026999999999987097e+02
1.027999999999987040e+02
1.028999999999986983e+02
1.029999999999986926e+02
1.030999999999986869e+02
1.031999999999986812e+02
1.032999999999986755e+02
1.033999999999986699e+02
1.034999999999986642e+02
1.035999999999986585e+02
1.036999999999986528e+02
1.037999999999986471e+02
1.038999999999986414e+02
1.039999999999986358e+02
1.040999999999986301e+02
1.041999999999986244e+02
1.042999999999986187e+02
1.043999999999986130e+02
1.044999999999986073e+02
1.045999999999986017e+02
1.046999999999985960e+02
1.047999999999985903e+02
1.048999999999985846e+02
1.049999999999985789e+02
1.050999999999985732e+02
1.051999999999985675e+02
1.052999999999985619e+02
1.053999999999985562e+02
1.054999999999985505e+02
1.055999999999985448e+02
1.056999999999985391e+02
1.057999999999985334e+02
1.058999999999985278e+02
1.059999999999985221e+02
1.060999999999985164e+02
1.061999999999985107e+02
1.062999999999985050e+02
1.063999999999984993e+02
1.064999999999984936e+02
1.065999999999984880e+02
1.066999999999984823e+02
1.067999999999984766e+02
1.068999999999984709e+02
1.069999999999984652e+02
1.070999999999984595e+02
1.071999999999984539e+02
1.072999999999984482e+02
1.073999999999984425e+02
1.074999999999984368e+02
1.075999999999984311e+02
1.076999999999984254e+02
1.077999999999984198e+02
1.078999999999984141e+02
1.079999999999984084e+02
1.080999999999984027e+02
1.081999999999983970e+02
1.082999999999983913e+02
1.083999999999983856e+02
1.084999999999983800e+02
1.085999999999983743e+02
1.086999999999983686e+02
1.087999999999983629e+02
1.088999999999983572e+02
1.089999999999983515e+02
1.090999999999983459e+02
1.091999999999983402e+02
1.092999999999983345e+02
1.093999999999983288e+02
1.094999999999983231e+02
1.095999999999983174e+02
1.096999999999983118e+02
1.097999999999983061e+02
1.098999999999983004e+02
1.099999999999982947e+02
1.100999999999982890e+02
1.101999999999982833e+02
1.102999999999982776e+02
1.103999999999982720e+02
1.104999999999982663e+02
1.105999999999982606e+02
1.106999999999982549e+02
1.107999999999982492e+02
1.108999999999982435e+02
1.109999999999982379e+02
1.110999999999982322e+02
1.111999999999982265e+02
1.112999999999982208e+02
1.113999999999982151e+02
1.114999999999982094e+02
1.115999999999982037e+02
1.116999999999981981e+02
1.117999999999981924e+02
1.118999999999981867e+02
1.119999999999981810e+02
1.120999999999981753e+02
1.121999999999981696e+02
1.122999999999981640e+02
1.123999999999981583e+02
1.124999999999981526e+02
1.125999999999981469e+02
1.126999999999981412e+02
1.127999999999981355e+02
1.128999999999981299e+02
1.129999999999981242e+02
1.130999999999981185e+02
1.131999999999981128e+02
1.132999999999981071e+02
1.133999999999981014e+02
1.134999999999980957e+02
1.135999999999980901e+02
1.136999999999980844e+02
1.137999999999980787e+02
1.138999999999980730e+02
1.139999999999980673e+02
1.140999999999980616e+02
1.141999999999980560e+02
1.142999999999980503e+02
1.143999999999980446e+02
1.144999999999980389e+02
1.145999999999980332e+02
1.146999999999980275e+02
1.147999999999980218e+02
1.148999999999980162e+02
1.149999999999980105e+02
1.150999999999980048e+02
1.151999999999979991e+02
1.152999999999979934e+02
1.153999999999979877e+02
1.154999999999979821e+02
1.155999999999979764e+02
1.156999999999979707e+02
1.157999999999979650e+02
1.158999999999979593e+02
1.159999999999979536e+02
1.160999999999979480e+02
1.161999999999979423e+02
1.162999999999979366e+02
1.163999999999979309e+02
1.164999999999979252e+02
1.165999999999979195e+02
1.166999999999979138e+02
1.167999999999979082e+02
1.168999999999979025e+02
1.169999999999978968e+02
1.170999999999978911e+02
1.171999999999978854e+02
1.172999999999978797e+02
1.173999999999978741e+02
1.174999999999978684e+02
1.175999999999978627e+02
1.176999999999978570e+02
1.177999999999978513e+02
1.178999999999978456e+02
1.179999999999978400e+02
1.180999999999978343e+02
1.181999999999978286e+02
1.182999999999978229e+02
1.183999999999978172e+02
1.184999999999978115e+02
1.185999999999978058e+02
1.186999999999978002e+02
1.187999999999977945e+02
1.188999999999977888e+02
1.189999999999977831e+02
1.190999999999977774e+02
1.191999999999977717e+02
1.192999999999977661e+02
1.193999999999977604e+02
1.194999999999977547e+02
1.195999999999977490e+02
1.196999999999977433e+02
1.197999999999977376e+02
1.198999999999977319e+02
1.199999999999977263e+02
